1 110 140 270 300 0 850 880 
2 110 140 320 350 0 850 880 
3 110 140 300 330 0 850 880 
4 110 140 330 360 0 905 935
5 110 140 290 320 0 900 930 
6 110 140 290 320 0 850 880 
7 110 140 270 300 340 850 880
8 110 140 310 340 380 800 880
9 110 140 300 350 0 850 880 
10 110 140 300 330 380 850 880
11 110 140 300 330 0 825 855
12 110 140 250 280 0 850 880
13 110 140 250 280 0 850 880
14 110 140 250 280 0 800 830
15 110 140 290 320 0 890 920 
16 110 140 350 380 0 850 880
17 110 140 250 280 0 780 810
18 110 140 280 310 0 850 880
