1 100 130 270 300 0 850 900 
2 110 150 300 340 0 870 910 
3 110 150 300 340 0 850 900 
4 100 140 320 360 0 850 900 
5 110 150 300 350 0 870 910 
6 110 150 270 300 0 850 900 
7 110 150 270 300 350 850 900
8 110 150 310 350 400 850 900
9 110 150 300 350 0 850 900
10 110 150 300 340 380 850 900
11 110 150 250 300 0 850 900
12 110 150 270 300 0 900 950
13 110 150 270 300 0 870 910
14 110 150 270 300 0 850 900
15 110 150 300 340 0 900 950
16 110 150 300 340 0 850 900
17 110 140 280 310 0 800 850
18 110 150 270 300 0 850 900


