1 110 150 250 300 0 850 900 
2 110 150 300 350 0 850 900 
3 110 150 300 350 0 850 900 
4 100 140 330 360 0 870 920 
5 110 150 300 350 0 870 920 
6 110 150 270 310 0 850 900 
7 110 150 250 300 350 850 900
8 100 140 330 360 400 800 850
9 110 150 270 310 0 850 900
10 100 140 280 320 360 850 900
11 100 140 280 320 0 840 890
12 110 150 270 320 0 870 920
13 100 140 270 320 0 870 920
14 110 150 250 300 0 800 850
15 110 150 270 310 0 870 920
16 100 140 280 320 0 850 900
17 110 150 270 310 0 810 860
18 110 150 250 300 0 850 900
