1 110 150 250 290 0 850 900 
2 110 150 300 340 0 850 900 
3 110 150 300 340 0 850 900 
4 110 150 330 370 0 905 955
5 110 150 310 350 0 900 950 
6 110 150 290 330 0 850 900 
7 110 150 250 290 350 850 900
8 110 150 300 340 400 800 850
9 110 150 300 340 0 850 900 
10 110 150 300 340 400 850 900
11 110 150 300 340 0 805 855
12 110 150 280 320 0 850 900
13 110 150 250 290 0 850 900
14 110 150 250 290 0 800 850
15 110 150 290 330 0 850 900 
16 110 150 350 390 0 825 875
17 110 150 250 290 0 750 800
18 110 150 250 290 0 850 900
