1 110 150 250 280 0 850 900 
2 110 150 300 330 0 850 900 
3 110 150 300 330 0 850 900 
4 110 150 330 360 0 855 915
5 110 150 290 330 0 850 900 
6 110 150 290 330 0 850 900 
7 110 150 290 320 370 850 900
8 110 150 300 330 400 800 850
9 110 150 300 330 0 820 870 
10 110 150 300 330 400 850 900
11 110 150 300 330 0 775 825
12 110 150 250 290 0 850 900
13 110 150 250 290 0 850 900
14 110 150 250 300 0 800 850
15 110 150 290 340 0 850 900 
16 110 150 350 380 0 800 850
17 110 150 280 310 0 750 800
18 110 150 250 300 0 850 900
